256 8.6332247557
304 8.94459681843
362 9.30538922156
430 9.69755719271
512 10.0179094757
608 10.3616671237
724 10.7702049275
861 11.1363020329
1024 11.5057789354
1217 11.8841254623
1448 12.2248186946
1722 12.5718710677
2048 12.9159274029
2435 13.2955027723
2896 13.6298705036
3444 13.9790446692
4096 14.3531230926
4870 14.7282590095
5792 15.0882564531
6888 15.4557311201
8192 15.8132489675
9741 16.1805800325
11585 16.5409083716
13777 16.9017674599
16384 17.2812223432
19483 17.6442936944
23170 18.0037836555
27554 18.3502174531
32768 18.7233923512
38967 19.0840415567
46340 19.4389671952
55108 19.8058291773
65536 20.1670714495
