256 8.34201954397
304 8.65386725178
362 8.98526024873
430 9.33617681272
512 9.65320742429
608 9.97614477653
724 10.3235090951
861 10.7241045499
1024 11.0363014814
1217 11.3967949596
1448 11.7363877058
1722 12.0929242087
2048 12.4142589729
2435 12.7643233623
2896 13.1170071942
3444 13.4292213135
4096 13.7777416073
4870 14.1384715425
5792 14.5018848378
6888 14.8451617587
8192 15.1815019023
9741 15.5348618359
11585 15.8789509272
13777 16.2199465286
16384 16.5673885843
19483 16.9170209672
23170 17.2613096052
27554 17.6040478336
32768 17.9563240373
38967 18.3039935672
46340 18.6420106532
55108 18.9943534948
65536 19.3313556197
