100 3.63772954925
200 3.66889074229
300 3.75152862702
400 3.77615673197
500 3.7909303101
600 3.80633509308
700 3.79828530603
800 3.80266722234
900 3.80977958881
1000 3.81213535589
1100 3.83830883467
1200 3.82678149743
1300 3.82984998077
1400 3.83009882129
1500 3.83364818313
1600 3.82529430149
1700 3.8306696735
1800 3.82989165663
1900 3.83533643302
2000 3.83523626969
2100 3.83038336376
2200 3.83354799606
2300 3.83498804261
2400 3.83561358428
2500 3.83152210147
2600 3.8315917687
2700 3.83659485153
2800 3.83588308828
2900 3.83751939767
3000 3.83293516306
