100 42.3105175292
200 83.9816513761
300 125.649805447
400 167.317215506
500 208.984328109
600 250.651292026
700 292.318170993
800 333.984996874
900 375.651787368
1000 417.318553092
1100 458.985300803
1200 500.652035005
1300 542.318758815
1400 583.985474461
1500 625.652183576
1600 667.318887384
1700 708.985586822
1800 750.652282619
1900 792.318975349
2000 833.985665472
2100 875.652353361
2200 917.319039321
2300 958.985723603
2400 1000.65240642
2500 1042.31908794
2600 1083.98576832
2700 1125.65244768
2800 1167.31912614
2900 1208.98580378
3000 1250.65248069
