10 256 2.4369
10 304 2.4345
10 362 2.4582
10 430 2.4488
10 512 2.4628
10 608 2.4471
10 724 2.4604
10 861 2.4371
10 1024 2.4503
10 1217 2.4608
10 1448 2.451
10 1722 2.4423
10 2048 2.4551
10 2435 2.44
10 2896 2.4419
10 3444 2.4354
10 4096 2.4257
10 4870 2.4398
10 5792 2.452
10 6888 2.4717
10 8192 2.4651
10 9741 2.4762
10 11585 2.4465
10 13777 2.4689
10 16384 2.451
10 19483 2.4562
10 23170 2.4735
10 27554 2.4723
10 32768 2.455
10 38967 2.4744
10 46340 2.4569
10 55108 2.4568
10 65536 2.472
100 256 6.4977
100 304 6.4876
100 362 6.4723
100 430 6.529
100 512 6.5363
100 608 6.5389
100 724 6.4961
100 861 6.5459
100 1024 6.557
100 1217 6.5062
100 1448 6.5322
100 1722 6.5686
100 2048 6.5472
100 2435 6.484
100 2896 6.5856
100 3444 6.5753
100 4096 6.5581
100 4870 6.5747
100 5792 6.5414
100 6888 6.577
100 8192 6.56
100 9741 6.5682
100 11585 6.5621
100 13777 6.5483
100 16384 6.6021
100 19483 6.6131
100 23170 6.6056
100 27554 6.6371
100 32768 6.5613
100 38967 6.5578
100 46340 6.6317
100 55108 6.6127
100 65536 6.5768
1000 1024 11.0854
1000 1217 11.1235
1000 1448 11.1456
1000 1722 11.1503
1000 2048 11.263
1000 2435 11.2849
1000 2896 11.3176
1000 3444 11.351
1000 4096 11.3388
1000 4870 11.3611
1000 5792 11.3927
1000 6888 11.3982
1000 8192 11.4977
1000 9741 11.6778
1000 11585 11.5902
1000 13777 11.6534
1000 16384 12.0066
1000 19483 11.7646
1000 23170 11.7936
1000 27554 11.6388
1000 32768 11.7098
1000 38967 11.9261
1000 46340 11.8082
1000 55108 12.1326
1000 65536 11.8755
