10 256 2.4884
10 304 2.5001
10 362 2.522
10 430 2.4902
10 512 2.5226
10 608 2.5148
10 724 2.5169
10 861 2.5156
10 1024 2.5076
10 1217 2.5171
10 1448 2.5142
10 1722 2.4998
10 2048 2.5192
10 2435 2.4893
10 2896 2.4951
10 3444 2.4939
10 4096 2.4814
10 4870 2.501
10 5792 2.5194
10 6888 2.5277
10 8192 2.5355
10 9741 2.5452
10 11585 2.5049
10 13777 2.5275
10 16384 2.5202
10 19483 2.5081
10 23170 2.5314
10 27554 2.5285
10 32768 2.5078
10 38967 2.5291
10 46340 2.502
10 55108 2.5117
10 65536 2.5283
100 256 6.7264
100 304 6.691
100 362 6.6959
100 430 6.7409
100 512 6.7435
100 608 6.7543
100 724 6.7165
100 861 6.748
100 1024 6.7564
100 1217 6.7009
100 1448 6.7239
100 1722 6.7649
100 2048 6.7676
100 2435 6.7129
100 2896 6.7691
100 3444 6.7956
100 4096 6.7826
100 4870 6.8176
100 5792 6.7491
100 6888 6.8148
100 8192 6.7855
100 9741 6.7877
100 11585 6.7958
100 13777 6.7728
100 16384 6.8115
100 19483 6.8468
100 23170 6.8496
100 27554 6.7942
100 32768 6.7874
100 38967 6.798
100 46340 6.8584
100 55108 6.8348
100 65536 6.8125
1000 1024 11.5022
1000 1217 11.5047
1000 1448 11.5362
1000 1722 11.5148
1000 2048 11.6087
1000 2435 11.6148
1000 2896 11.6129
1000 3444 11.697
1000 4096 11.6409
1000 4870 11.6278
1000 5792 11.6523
1000 6888 11.6125
1000 8192 11.6459
1000 9741 11.743
1000 11585 11.7779
1000 13777 11.8211
1000 16384 11.9446
1000 19483 12.0458
1000 23170 12.0898
1000 27554 12.0948
1000 32768 12.139
1000 38967 12.1687
1000 46340 12.2634
1000 55108 12.2886
1000 65536 12.2978
