32	0.343855
34	0.348307
38	0.353625
41	0.354248
45	0.345768
49	0.339550
53	0.340372
58	0.340046
64	0.339258
69	0.340051
76	0.336748
82	0.335737
90	0.335048
98	0.336008
107	0.333557
117	0.331884
128	0.466148
139	0.328509
152	0.327553
165	0.326222
181	0.325429
197	0.322674
215	0.322042
234	0.323938
256	0.789261
279	0.332219
304	0.337342
331	0.355105
362	0.352069
394	0.372425
430	0.359396
469	0.378920
512	1.847881
558	0.376387
608	0.514623
663	0.435961
724	0.438152
789	0.477230
861	0.482003
939	0.493538
1024	2.516656
1116	0.521097
1217	0.638975
1327	0.631095
1448	0.684008
1579	1.157598
1722	1.051738
1878	1.271532
2048	3.521612
2233	1.996366
2435	2.296205
2655	2.372356
2896	2.714616
3158	2.684781
3444	3.032167
3756	2.971118
4096	3.881359
4466	3.233439
4870	3.438192
5311	3.555283
5792	3.548532
6316	3.668334
6888	3.840746
7512	3.936133
8192	4.860465
8933	4.103639
9741	4.140894
10623	4.155870
11585	4.200259
12633	4.206823
13777	4.229402
15024	4.324160
16384	5.884679
17866	4.618462
19483	4.793989
21247	5.040715
23170	5.292834
25267	5.577707
27554	5.825196
30048	6.331668
32768	8.496550
