256	0.825025
384	0.856989
512	0.908962
640	1.061027
768	1.038982
896	1.299859
1024	1.624236
1152	1.314981
1280	1.512515
1408	1.620063
1536	1.677051
1664	1.629215
1792	1.686265
1920	1.636867
2048	1.802593
2176	1.617297
2304	1.588594
2432	1.583027
2560	1.702239
2688	1.629155
2816	1.705266
2944	1.669297
3072	1.784357
3200	1.691968
3328	1.656672
3456	1.652177
3584	1.694849
3712	1.655537
3840	1.648354
3968	1.634512
4096	1.853539
4224	1.650630
4352	1.680363
4480	1.656311
4608	1.691302
4736	1.722419
4864	1.655808
4992	1.680052
5120	1.848320
5248	1.665787
5376	1.657906
5504	1.645151
5632	1.738200
5760	1.664287
5888	1.657513
6016	1.657876
6144	1.805687
6272	1.654792
6400	1.680357
6528	1.648009
6656	1.743358
6784	1.663956
6912	1.738688
7040	1.658178
7168	1.782050
7296	1.725093
7424	1.707043
7552	1.686087
7680	1.698875
7808	1.666647
7936	1.673419
8064	1.666536
8192	2.305769
8320	1.663750
8448	1.689750
8576	1.658553
8704	1.710320
8832	1.666395
8960	1.658198
9088	1.665856
9216	1.775212
9344	1.648081
9472	1.686353
9600	1.722086
9728	1.694117
9856	1.684558
9984	1.766132
10112	1.843077
10240	2.417214
10368	1.732884
10496	2.021196
10624	2.143140
10752	1.877630
10880	1.781320
11008	1.764986
11136	1.857100
11264	1.885332
11392	1.708514
11520	1.874543
11648	2.075857
11776	1.845594
11904	1.802170
12032	1.864514
12160	1.696839
12288	1.984451
12416	1.692617
12544	1.769002
12672	1.738224
12800	1.786184
12928	1.731445
13056	1.879395
13184	1.734892
13312	1.982729
13440	1.814780
13568	1.801237
13696	1.937640
13824	1.828068
13952	1.847147
14080	2.296014
14208	1.922388
14336	2.037128
14464	1.773444
14592	1.758170
14720	1.786929
14848	1.818145
14976	1.769379
15104	1.794663
15232	1.763282
15360	2.531167
15488	1.760108
15616	1.824899
15744	2.211421
15872	2.050730
16000	1.754997
16128	1.904573
16256	1.725273
16384	2.989860
16512	1.832199
16640	2.021944
16768	1.735561
16896	1.991153
17024	2.177274
17152	2.847609
17280	2.474034
17408	2.359187
17536	1.989491
17664	1.917564
17792	1.983890
17920	1.883581
18048	1.844585
18176	1.955989
18304	2.005711
18432	2.394460
18560	2.062681
18688	1.979824
18816	1.841907
18944	2.188418
19072	2.087015
19200	1.988047
19328	1.879916
19456	1.989281
19584	1.865950
19712	1.871405
19840	1.885025
19968	1.936476
20096	1.846124
20224	1.930252
20352	1.838112
20480	2.076728
20608	1.843805
20736	1.895441
20864	1.887785
20992	1.915030
21120	1.776794
21248	1.852437
21376	1.856281
21504	2.395286
21632	1.856303
21760	1.823369
21888	1.838807
22016	2.010457
22144	2.000314
22272	1.908535
22400	1.865812
22528	2.011755
22656	1.918489
22784	2.060496
22912	1.777508
23040	1.882987
23168	1.914350
23296	1.813161
23424	1.782979
23552	1.946466
23680	1.854398
23808	1.820061
23936	1.773430
24064	2.033056
24192	1.805800
24320	1.886067
24448	1.781351
24576	2.665202
24704	1.800608
24832	1.833833
24960	1.816928
25088	2.281268
25216	1.872790
25344	2.046595
25472	1.808391
25600	1.956410
25728	1.811386
25856	1.893669
25984	1.814935
26112	1.977406
26240	2.228755
26368	1.978309
26496	1.899377
26624	2.103948
26752	1.890469
26880	1.967380
27008	1.975610
27136	1.934817
27264	1.926087
27392	1.875809
27520	1.865367
27648	2.147164
27776	1.981233
27904	1.961384
28032	1.883378
28160	1.898877
28288	1.937272
28416	1.941116
28544	1.961059
28672	2.240509
28800	1.906793
28928	1.960660
29056	1.951403
29184	1.943018
29312	1.889690
29440	2.037967
29568	1.933749
29696	2.121771
29824	1.979363
29952	1.959773
30080	1.973464
30208	1.980533
30336	1.846234
30464	1.830169
30592	1.821747
30720	2.052811
30848	1.797640
30976	1.777668
31104	1.962950
31232	1.934798
31360	1.999043
31488	1.927380
31616	2.081661
31744	2.022359
31872	1.947267
32000	2.108771
32128	1.856242
32256	2.030262
32384	1.841545
32512	1.978644
32640	1.884704
32768	4.690362
