32	0.661660
34	0.742702
38	0.742426
41	0.740390
45	0.732767
49	0.727239
53	0.727317
58	0.722585
64	0.667859
69	0.712235
76	0.711073
82	0.724368
90	0.721986
98	0.714642
107	0.734921
117	0.713727
128	0.676015
139	0.709033
152	0.703330
165	0.710452
181	0.712560
197	0.707037
215	0.708217
234	0.710203
256	0.702352
279	0.718714
304	0.717118
331	0.728109
362	0.727889
394	0.737611
430	0.742131
469	0.741623
512	0.772278
558	0.745631
608	0.737685
663	0.751329
724	0.746925
789	0.748520
861	0.759901
939	0.808427
1024	1.076095
1116	0.981363
1217	1.164575
1327	1.277264
1448	1.434392
1579	1.728368
1722	1.702132
1878	1.830608
2048	1.792389
2233	1.904467
2435	1.990782
2655	1.754713
2896	1.602694
3158	2.010105
3444	1.973143
3756	1.963573
4096	1.883239
4466	1.940409
4870	2.052142
5311	1.821576
5792	1.616713
6316	2.009876
6888	1.869794
7512	1.914347
8192	2.560784
8933	2.150822
9741	2.087882
10623	1.833262
11585	1.858575
12633	2.043460
13777	1.873549
15024	1.733111
16384	3.251654
17866	2.090322
19483	2.284947
21247	1.891957
23170	2.014554
25267	2.109355
27554	1.974976
30048	1.719674
32768	3.344318
