256	1.642287
384	1.369191
512	4.190453
640	1.739746
768	1.902672
896	2.213798
1024	5.580554
1152	2.081217
1280	1.987048
1408	1.892338
1536	4.038171
1664	1.987870
1792	2.034609
1920	1.988074
2048	7.200540
2176	2.031156
2304	2.013777
2432	2.035699
2560	3.986731
2688	2.095959
2816	2.045445
2944	2.008185
3072	5.819460
3200	1.999008
3328	2.055471
3456	2.008472
3584	4.394944
3712	2.001291
3840	2.029034
3968	2.094042
4096	9.045082
4224	2.169303
4352	2.305450
4480	2.082470
4608	4.777457
4736	2.060383
4864	2.772986
4992	3.386366
5120	7.275316
5248	2.414609
5376	3.716340
5504	2.177162
5632	7.163402
5760	3.733723
5888	3.624271
6016	2.565262
6144	7.168525
6272	2.084511
6400	3.259558
6528	2.067792
6656	4.910811
6784	2.175030
6912	3.472821
7040	2.112031
7168	6.463739
7296	2.222475
7424	4.214189
7552	2.334453
7680	5.420262
7808	2.715604
7936	4.530981
8064	2.544712
8192	9.083990
8320	2.490478
8448	4.295449
8576	2.538821
8704	5.304800
8832	2.433511
8960	4.495025
9088	2.679179
9216	6.516275
9344	2.795844
9472	4.340965
9600	2.755006
9728	5.360610
9856	2.621943
9984	4.267420
10112	2.942747
10240	7.081267
10368	2.750170
10496	4.458345
10624	2.804829
10752	5.456319
10880	3.213921
11008	4.522217
11136	3.025581
11264	6.479912
11392	3.025710
11520	4.722460
11648	3.213985
11776	5.800199
11904	3.310188
12032	4.602320
12160	3.071503
12288	8.597125
12416	3.164430
12544	4.609682
12672	3.323019
12800	5.404654
12928	3.338190
13056	4.763700
13184	3.297214
13312	6.566912
13440	3.901439
13568	4.722117
13696	3.600141
13824	5.521483
13952	3.625244
14080	4.730250
14208	3.563517
14336	7.380209
14464	3.921054
14592	4.606910
14720	3.775639
14848	5.538068
14976	3.813777
15104	4.987941
15232	4.255381
15360	6.984308
15488	4.501367
15616	5.381979
15744	4.519064
15872	6.137632
16000	4.957907
16128	5.905219
16256	5.552852
16384	9.312589
16512	6.017292
16640	6.522932
16768	5.644694
16896	7.013920
17024	5.963838
17152	7.591988
17280	7.523851
17408	8.721580
17536	6.810465
17664	7.616354
17792	7.067975
17920	7.806694
18048	7.242612
18176	7.425218
18304	7.126451
18432	9.165716
18560	7.464663
18688	7.934945
18816	7.315628
18944	8.426526
19072	7.946735
19200	8.332910
19328	7.995615
19456	9.702092
19584	8.248416
19712	9.104725
19840	8.716257
19968	9.350832
20096	8.486754
20224	9.058505
20352	8.955372
20480	10.584641
20608	9.013567
20736	9.440687
20864	9.162779
20992	9.764389
21120	9.335261
21248	9.673008
21376	9.502925
21504	10.630269
21632	9.597216
21760	9.873074
21888	10.851135
22016	10.030842
22144	10.362303
22272	10.834835
22400	9.224167
22528	10.655694
22656	10.037713
22784	10.370764
22912	10.251390
23040	10.754402
23168	10.372450
23296	10.650343
23424	10.489303
23552	11.205790
23680	10.837075
23808	11.101007
23936	10.744402
24064	11.178073
24192	11.042126
24320	11.225290
24448	11.118769
24576	12.424092
24704	11.413233
24832	11.422554
24960	11.333216
25088	11.637429
25216	11.608320
25344	12.432053
25472	11.671018
25600	12.193196
25728	11.911027
25856	12.357370
25984	11.802501
26112	12.152236
26240	11.936117
26368	12.450307
26496	12.173571
26624	11.951201
26752	12.300110
26880	12.356090
27008	12.412005
27136	12.369861
27264	12.445263
27392	12.879843
27520	12.485364
27648	12.854065
27776	13.001258
27904	12.811820
28032	12.724295
28160	12.740255
28288	12.888384
28416	12.956054
28544	12.931449
28672	13.698313
28800	13.196478
28928	13.366538
29056	13.289022
29184	13.461929
29312	13.523730
29440	13.812218
29568	13.751050
29696	13.746737
29824	13.670657
29952	13.737246
30080	13.968825
30208	14.239286
30336	14.180289
30464	14.279278
30592	14.190566
30720	14.078003
30848	14.672691
30976	14.631699
31104	14.977067
31232	14.722108
31360	14.608046
31488	14.496747
31616	15.184779
31744	14.656933
31872	14.927681
32000	15.123262
32128	14.810849
32256	14.875961
32384	15.159257
32512	15.268715
32640	15.414400
32768	19.808869
